0
0.14813062195238363
0.29626161467504109
0.44439232382746491
0.5925228257776034
0.74065380433712014
0.88878478289663687
1.0309061402111785
1.1708483779607033
1.310469519628177
1.450090341311538
1.5897111587974984
1.7293324632619711
1.8689533266896958
2.0085741164754638
2.1481953114788617
2.2734865880574695
2.3313042554463186
2.3732534405923382
2.4007498266783278
2.4130721986700063
2.4007498266783616
2.3732534405921388
2.3313042554458443
2.2734865880577555
2.1485078419743684
2.0088866458845267
1.8692658647050353
1.7293324632610279
1.5900237024788786
1.4504028726163369
1.3107820482892953
1.170848377959667
1.0309061402099906
0.88878478289663709
0.74065380433712036
0.59252282577760362
0.44439232382746502
0.2962616146750412
0.14813062195238363
2.293702662581051
2.1479596709094966
1.9258537928112429
1.8563075367385717
1.7554976149058792
1.6888909974568602
1.4462472495088123
1.2937531992870643
1.141260752870918
0.89862764148170693
0.83209608888332132
0.73127578929723458
0.66166130165277959
0.4385083855986508
0.29274049698259286
2.2988949290249696
2.1536553600822139
1.9323706392360278
1.8632753769009891
1.7629071294985477
1.6964300929624778
1.4550441112659294
1.3035795333171534
1.1523881002670397
0.91271724244699892
0.84765057298765534
0.74877029746457913
0.68039308414783228
0.46566802268330915
0.33095479322046362
2.3168652829397143
2.1730189684811125
1.9541012693587727
1.8860428902653774
1.7871541912306597
1.7215827268039468
1.4833607615378572
1.3344134110460739
1.186369105417477
0.95563543952916974
0.89372026077251232
0.79978728932488496
0.73515775465959554
0.53770469809595678
0.42352797005327347
2.3470541168330055
2.2049285313505047
1.9889808049386648
1.9221276808727064
1.8247889414889471
1.7600944577524005
1.5289211781460246
1.3867106099776059
1.2443153877277484
1.0204011601552483
0.96180791772774776
0.87492236613599594
0.81625014594459933
0.64096188908563301
0.54344655988950896
2.3874774570273103
2.2483190235982957
2.0381258954095638
1.9737235997181841
1.8799787708094335
1.8176903887127127
1.5911790751084955
1.4513408137562687
1.3165527025125807
1.1078353933596705
1.0535774644695777
0.97197657224384104
0.917482621784112
0.76183021680974816
0.676619002589121
2.4414534267499572
2.3069102924448295
2.099934489529681
2.0364713478286895
1.9439957215930916
1.8823559893624735
1.6667338030793863
1.5351131510487099
1.4054351252647919
1.2092366862608639
1.1600671545202181
1.0837444587982312
1.0322359359186641
0.89264922266956193
0.81601377565051536
2.5032648353031108
2.3715504457526055
2.1698162855715042
2.1093328004143315
2.0216735254399287
1.9625179155085393
1.7548721813732322
1.6304506442679025
1.5066306293082046
1.3233914169482535
1.2750062349942066
1.2070446499285532
1.1592200808552058
1.0299580755801598
0.95911254479548913
2.5721623601458132
2.4468978743068917
2.2534166493203003
2.1954661076614626
2.1094708694745297
2.0521610189842829
1.8547602240181658
1.7335342018773865
1.6200364084625059
1.4478042969647369
1.4021112468633499
1.3355062562780846
1.2929089265089424
1.171680329320256
1.1041435379842111
2.6531684740623258
2.5316357027401128
2.3441676478345959
2.2885284092792961
2.2075864684782864
2.152348191845225
1.9621502508356345
1.8476887844756225
1.7386465379129556
1.5756347268588802
1.5346599297487384
1.4709545019745964
1.4299628160246454
1.315770079975346
1.250508217660093
2.7426069956722339
2.6225229692190819
2.4445605390422784
2.3896481178982274
2.3101758735711657
2.2578323841483283
2.076448589234992
1.9685250217476224
1.8661564172888585
1.7110179508572176
1.6710302634814074
1.6102286200573077
1.5709027307614774
1.4613813908317315
1.3977073465451586
2.8366332468289235
2.7229145305396307
2.5499712925998024
2.4982845393298652
2.4240512228413218
2.3719868457522617
2.1984732896939394
2.0960599893818181
1.9970615154308564
1.8496134198273002
1.8105324942411558
1.7524352435129193
1.7133795247020509
1.6079192670119897
1.5453446565812663
2.9373945305420399
2.8281419056713935
2.6641257855702616
2.6124491570817305
2.539711810600485
2.4912189688160149
2.3260085412960367
2.2262639483318472
2.1324443543547957
1.9908361388058313
1.95279790319867
1.8970350232224666
1.8580881354119139
1.7552088573962192
1.6932522263437166
3.0432815553689503
2.9422964086067687
2.7819019199125554
2.7324127245580492
2.6628682474510912
2.6165900347941702
2.4559177465928959
2.3616471723301844
2.2710676309330373
2.1332554855068686
2.0974840637197176
2.0420845657626776
2.0042657272029558
1.9028990497204337
1.8413113339230474
3.1574362203521127
3.0567889152358605
2.9055657530341277
2.8577848408447002
2.7904033839878464
2.744139458414725
2.5913007306821765
2.5002427875518376
2.4122857631897743
2.2779465467842059
2.2436240972294623
2.1883554328742507
2.1511477358982654
2.0508498414432919
1.9868617998531319
3.2750054852988888
3.1778684595667923
3.0331014094322186
2.9853346713493005
2.9199608342835961
2.8768927209298925
2.7295847401706963
2.6409373814615806
2.5546424807671797
2.4240861127677733
2.3905033872521733
2.3354313921420284
2.2985465857168021
2.1989342096544831
2.126483351222217
3.396413692457982
3.3033550903374351
3.1617423514657923
3.1178094226201738
3.0553434921685643
3.0122758804884233
2.869918809348766
2.7832032904605057
2.6993285328757635
2.570965598621707
2.5376457566891375
2.4829353558384875
2.4463555813867925
2.3404274614855245
2.2661041169620537
3.5215739946171603
3.4308983907301114
3.2964917965820772
3.2531920425136978
3.19215142239009
3.1508206202595259
3.0116552652801052
2.927659392344228
2.8454690704113199
2.7183646397162868
2.6852106776168609
2.6307525469062791
2.594364097445367
2.4800484168916976
2.405724317234319
3.6491103804230018
3.5621249995875499
3.4318747470138966
3.3915885635789254
3.3307757265953737
3.2913068977434494
3.154073565839397
3.0723609422828293
2.9923475884428896
2.866173214307584
2.8330496371482248
2.7787837429987512
2.7404321916229337
2.6196695989010013
2.5453463330592809
3.778307056002276
3.6968229706346709
3.5704702052545323
3.5311356365477984
3.4719784155327251
3.4327755652831264
3.2987646271167348
3.2185039285577712
3.139746464048879
3.0141818371008595
2.9810801017563984
2.9206980753660057
2.8800531573361834
2.7592902940754795
2.6557448184225283
3.9117185688768652
3.8322060257280288
3.7111526774199173
3.6723578735914444
3.6142457372098691
3.5751949119841635
3.4449052392420474
3.3653834805278202
3.2875560457404149
3.1600823654048233
3.1210017152289717
3.060318961368846
3.0196746424321024
2.8349581091919616
2.6906356235728035
4.0471019207092223
3.9708017247082505
3.8527090492732246
3.8147680882435373
3.7580147483757234
3.719885819279563
3.5917843795809539
3.5127821663286305
3.4355645315144292
3.2997037611388382
3.2438567290927125
3.1432006903897096
3.073619503011134
2.850877682620967
2.705331161665308
3.9117185688648282
3.8322060257104296
3.7111526774072248
3.6723578735818876
3.6142457372056764
3.575194911980291
3.444905239234977
3.3653834805194518
3.2875560457381079
3.1603948940519038
3.1213142438765518
3.060631492662738
3.0199871861073344
2.8349581091909339
2.6906356235725126
3.7783070559913328
3.6968229706231175
3.5704702052380313
3.5311356365336763
3.4719784155209599
3.4327755652738086
3.2987646271145019
3.2185039285506516
3.1397464640427355
3.014181837096769
2.9810801017502522
2.9210106040128538
2.880365688628606
2.7592902940714983
2.6557448184221815
3.6491103804113174
3.5621249995767204
3.4318747469950663
3.3915885635653038
3.3307757265823863
3.2913068977316886
3.1540735658355246
3.0723609422805169
2.9923475884346833
2.8661732143053689
2.8330496371464031
2.7787837429941833
2.7407447202753499
2.6199821425773013
2.5453463330552411
3.5215739946067735
3.4308983907198076
3.2964917965700682
3.2531920424973109
3.1921514223746463
3.1508206202460283
3.0116552652707873
2.9276593923404053
2.8454690704043584
2.7183646397102041
2.6852106776124156
2.6307525469048341
2.5943640974448527
2.4803609481876472
2.4059004766242609
3.3964136924498622
3.3033550903313289
3.1617423514542549
3.1178094226092918
3.055343492153149
3.012275880473072
2.8699188093370038
2.7832032904565027
2.6993285328736043
2.5709655986133937
2.5376457566812558
2.4829353558346177
2.4463555813865052
2.3407399901403485
2.2664166482628998
3.2750054852945483
3.1778684595619509
3.0331014094205031
2.9853346713398756
2.9199608342736241
2.8768927209200661
2.7295847401572182
2.6409373814498207
2.5546424807632624
2.424086112760703
2.3905033872448676
2.3354313921346299
2.2985465857131429
2.1989342096533249
2.126795879880349
3.1574362203463071
3.0567889152311136
2.905565753027064
2.857784840840333
2.7904033839788873
2.7441394584054573
2.5913007306668248
2.5002427875390163
2.4122857631804595
2.2779465467819739
2.2436240972235044
2.1883554328670072
2.1511477358935269
2.0508498414422816
1.9868617998508857
3.0432815553646075
2.9422964086020285
2.7819019199084085
2.7324127245542646
2.6628682474476197
2.6165900347909794
2.4559177465830695
2.3616471723148327
2.271067630920216
2.1332554855029962
2.0974840637182575
2.04208456576049
2.004265727199269
1.9028990497198737
1.8413113339222638
2.9373945305368476
2.8281419056657651
2.6641257855653828
2.6124491570768646
2.5397118105962688
2.4912189688124875
2.3260085412873255
2.2262639483220203
2.1324443543394249
1.9908361387965134
1.9527979031947234
1.8970350232207924
1.8580881354105718
1.7552088573951878
1.6932522263430279
2.836633246821795
2.7229145305344855
2.5499712925942641
2.4982845393242954
2.4240512228361526
2.3719868457484115
2.1984732896906469
2.0960599893732499
1.9970615154209288
1.8496134198144787
1.8105324942300449
1.7524352435091868
1.7133795246988925
1.607919267009557
1.5453446565807714
2.7426069956667605
2.6225229692127296
2.4445605390372909
2.3896481178934059
2.310175873566422
2.2578323841437618
2.0764485892311413
1.9685250217443033
1.866156417280719
1.7110179508418659
1.671030263467578
1.6102286200464009
1.5709027307535424
1.4613813908290729
1.3977073465439926
2.6531684740569235
2.5316357027347118
2.344167647828229
2.2885284092749045
2.207586468473842
2.1523481918405736
1.9621502508310988
1.8476887844717718
1.7386465379095966
1.5756347268490538
1.5346599297365924
1.4709545019596308
1.4299628160122693
1.3157700799720851
1.2505082176575566
2.5721623601416872
2.4468978743024516
2.2534166493143579
2.1954661076573867
2.1094708694710698
2.0521610189808484
1.8547602240135077
1.7335342018728195
1.6200364084579646
1.4478042969615248
1.4021112468563728
1.3355062562685593
1.2929089264988862
1.1716803293145941
1.1041435379817663
2.5032648352974105
2.3715504457487198
2.1698162855669505
2.1093328004103613
2.0216735254360971
1.9625179155046859
1.7548721813698134
1.630450644263767
1.5066306293036096
1.3233914169444028
1.2750062349908065
1.2070446499255205
1.1592200808508504
1.0299580755713102
0.95911254479176256
2.4414534267454258
2.3069102924433231
2.0999344895261474
2.0364713478254717
1.9439957215901038
1.88235598935934
1.6667338030756063
1.5351131510447305
1.4054351252613571
1.2092366862562969
1.1600671545152832
1.0837444587948097
1.0322359359170301
0.89264922266336366
0.81601377564656286
2.3874774570258221
2.2483190235968147
2.0381258954071475
1.9737235997170832
1.8799787708085325
1.8176903887119731
1.5911790751058388
1.4513408137530766
1.3165527025088295
1.1078353933562359
1.053577464465923
0.97197657223959422
0.91748262178137574
0.76183021680733543
0.67661900258655383
2.3470541168318695
2.2049285313492049
1.9889808049367004
1.9221276808715901
1.824788941488094
1.7600944577515545
1.5289211781449947
1.3867106099771263
1.2443153877257509
1.020401160151938
0.9618079177240888
0.87492236613234264
0.81625014594338219
0.64096188908440332
0.54344655988742852
2.3168652829392404
2.1730189684806613
1.9541012693582616
1.8860428902648967
1.7871541912301856
1.7215827268035224
1.4833607615375091
1.334413411045539
1.1863691054167096
0.95563543952834096
0.8937202607721062
0.79978728932445853
0.73515775465922251
0.53770469809552313
0.42352797005249476
2.2988949290247627
2.1536553600820012
1.932370639235693
1.8632753769006587
1.7629071294982652
1.6964300929622418
1.4550441112656571
1.3035795333168512
1.1523881002667002
0.91271724244657448
0.84765057298738145
0.74877029746441404
0.68039308414768884
0.46566802268317226
0.3309547932202796
0.28385279260661572
0.51980589828239421
2.1043841657833444
2.3482817205087412
0.38617388168881867
0.58555895886256148
2.12408588328034
2.3656942312497637
0.51324723489281299
0.68287384613548519
2.1564894188574231
2.3952464290030133
0.65046814209844217
0.79763708838933856
2.2008487587791148
2.4348675315363453
0.79264518969251174
0.92517233453921444
2.2602766783889097
2.4862781116045927
0.9373574855465493
1.0605550603055729
2.3251160385046976
2.5477169934053503
1.0836281366742957
1.1998640227743198
2.4036579970788936
2.6151289269441893
1.2307263076851096
1.3421300430476641
2.49037176489953
2.6953954430387173
1.3783136976141337
1.4868155822518481
2.5830385846255446
2.7825078489513331
1.5261976198173468
1.6329559802608999
2.6837996832502307
2.8748895431338459
1.6742471713249922
1.7798349556268438
2.7896876660452157
2.9754225867647399
1.8213163999130888
1.9272338939288676
2.9038421560806258
3.0808408978461488
1.9612502209101672
2.0750432563682444
3.0218052810932456
3.1926281599412834
2.1008710147147793
2.223051935277975
3.1443364643304177
3.3067825074039843
2.2404915836342547
2.3707125272411211
3.2714389572585567
3.4258528890790734
2.3797999686304427
2.510645580732966
3.399033420106333
3.5494267231812344
2.5197330396839401
2.6502668953906565
3.5319505057615452
3.6765422161499588
2.6056414417885887
2.7898875946731492
3.6673336848408056
3.8041372862310214
2.6379269360183377
2.8902554520934296
3.8058776521240594
3.9370540586287457
2.6523388286157252
2.9082279186711211
3.9449378061322395
4.0724372355935339
2.6379269360186131
2.8902554520938262
3.8058776521400866
3.9370540586407552
2.6056414417887512
2.7895752234413216
3.6673336848580091
3.8041372862414633
2.5194205016706883
2.6499543640930656
3.5319505057722731
3.6765422161576304
2.3797999686328684
2.5103330520789973
3.3990334201168446
3.549426723188414
2.240179039953162
2.3707125272446259
3.2714389572647296
3.4258528890823872
2.1005584834111097
2.2230519352783511
3.1443364643357281
3.306782507408768
1.9609376922506714
2.0750432563659373
3.0218052810957619
3.1926281599455857
1.8213163999145552
1.9272338939277764
2.903842156085445
3.0808408978513748
1.6742471713257843
1.7798349556283732
2.7896876660492858
2.9754225867698687
1.5261976198179805
1.6329559802631817
2.6837996832537194
2.8748895431406534
1.3783136976146932
1.4868155822525331
2.5830385846309696
2.782507848955694
1.2307263076864197
1.3421300430494965
2.4903717649036627
2.6953954430438292
1.083628136676291
1.1998640227815276
2.4036579970834673
2.6151289269477065
0.93735748554752041
1.0605550603132099
2.3251160385086722
2.5477169934094248
0.79264518969290088
0.92517233454394532
2.2602766783914578
2.4862781116075889
0.65046814209957193
0.79763708839079872
2.2008487587806367
2.4348675315373898
0.51324723489421087
0.68287384613400937
2.1564894188585129
2.3952464290039734
0.38617388168994476
0.58555895886179476
2.1240858832807876
2.3656942312502225
0.2838527926068255
0.51980589828238777
2.104384165783439
2.3482817205089459
0.23972794917549345
0.49607548703993293
2.09863664094377
2.3433575987997219
0.18054456129510932
0.099161453932463103
0.23507616322738437
0.1790865776684562
0.35054407248446962
0.31429231479931763
0.48543567621208028
0.45818047238636073
0.62721274494961088
0.60454528309109967
0.77197572496703681
0.75190098295282581
0.91833756691469015
0.89971519290796764
1.0655646353445167
1.0477456131964633
1.2132539073081332
1.1958639903751644
1.3612055568492063
1.3439944093739897
1.5092897187814189
1.4851410744172315
1.6562836243044068
1.6247620872462034
1.7959051458102984
1.7643826561108558
1.9355260175236184
1.9040037561119889
2.0751470664775828
2.0436244740037175
2.2147677945729947
2.1832458823287753
2.3543883880782617
2.3228673932865345
2.4940095251865726
2.4244594189915669
2.5492376278997093
2.4697543380875953
2.5792581069224938
2.4987074081533862
2.5932316322502533
2.511993441088396
2.5792581069222438
2.4987074081534071
2.5492376278995028
2.4697543380875131
2.4943220545952647
2.4244594189912863
2.3547009260920309
2.3231799226956014
2.2147677945710731
2.1835584203441503
2.0754596101591738
2.0436244740030847
1.9358385488278449
1.9043162997937721
1.7962176744701248
1.7646951874157799
1.6562836243031303
1.6250746159073375
1.5092897187807013
1.485141074416314
1.3612055568483887
1.3440069006972144
1.2132539073077682
1.1958639903753845
1.0655646353437815
1.0477456131965786
0.91833756691329449
0.89971519290810276
0.7719757249663588
0.75190098295300445
0.62721274494958201
0.60454528309133593
0.48543567621150802
0.4581804723866561
0.35054407248309272
0.31429231479944286
0.23507616322713798
0.17908657766847
2.3932095300866751
2.3980312879361643
2.4150851190402078
2.4441663465506704
2.4833238893676111
2.5326689733464454
2.5935178656563069
2.6596636835618548
2.7386647542887115
2.8244100235323568
2.9149525580656199
3.0151404083896525
3.1182878146248751
3.2258509146742931
3.3400053406592094
3.4582043586189011
3.5807407574661525
3.7076147598637901
3.8351726583926999
3.9649002845057475
4.0979459651968959
3.964900284516486
3.8351726584029775
3.7076147598723268
3.5807407574731727
3.4582043586205389
3.3400053406641468
3.2258509146784076
3.1182878146302957
3.0151404083949567
2.9149525580717972
2.8244100235379266
2.7386647542938074
2.6596636835654319
2.5935178656602624
2.5326689733492542
2.4833238893686409
2.4441663465515919
2.4150851190406577
2.3980312879363677
2.914628818480351
2.9183955217064717
2.9322036779824674
2.9548250488749739
2.986452351374711
3.026073798042483
3.0742672392967481
2.9729467560741147
2.8655443897422979
2.910569029829988
2.9952490613594205
3.0888181776606896
3.2021952428285294
3.3310048205567373
3.4764954965531674
3.6239129417238245
3.7718552041697322
3.9200128029558527
4.0663177381933489
4.202913150335954
4.332585451884146
4.2029152778276906
4.0663198656838793
3.9199774363695488
3.7718211150049079
3.6238809429880083
3.4764675263774185
3.3310041614079653
3.2021973880911307
3.0888184332344579
2.9952489705088299
2.910566952475425
2.8654978619292817
2.9731087232955833
3.0742672392991972
3.0260737980435026
2.9864523513755978
2.9548250488755432
2.9322036779826259
2.9183955217065738
2.4028495171284461
2.4076519692404683
2.4246381303820987
2.4536316443056978
2.4927156195791271
2.5416586947218658
2.6023967363215492
2.6683266404304993
2.747172217871527
2.8322326781214371
2.9226352690592434
3.0228228330185303
3.1254158820486349
3.2324388424586878
3.3465932830133727
3.4646550232309892
3.5871794748991022
3.7137299766168352
3.8412661873375833
3.9694209702729193
4.1023561640113257
3.9694209702835423
3.8412661873492073
3.7137299766256482
3.5871794749060806
3.4646550232325044
3.346593283018338
3.2324388424627672
3.1254158820540243
3.022822833023858
2.9226352690653723
2.8322326781270091
2.7471722178766118
2.6683266404340911
2.6023967363254883
2.5416586947246391
2.4927156195801539
2.453631644306614
2.4246381303825477
2.4076519692406708
2.9049890254403188
2.9087680200311419
2.9226216573848065
2.9453580736422382
2.9771427059080189
3.0167641668906002
3.0652203244731848
2.969248618212259
2.8560316040757794
2.9017184990915479
2.9872257429624933
3.0816486481664151
3.1959722295452488
3.3286394534340986
3.47523829873378
3.6230622270215829
3.771212795179185
3.9194968731897992
4.0678488922921696
4.2068263807091535
4.3373393684095367
4.2068285082006982
4.067811730146027
3.9194603915997939
3.7711773249952554
3.6230284168050879
3.4752077086934055
3.3286176835023693
3.1959743366033115
3.0816489190733227
2.9872256685467482
2.9017164404084559
2.8559824596534664
2.9694319837133096
3.0652203244756553
3.0167641668916167
2.9771427059089053
2.9453580736428062
2.9226216573849619
2.9087680200312427
2.4176804973941866
2.4224535476461249
2.4393366361049429
2.4681975130541129
2.5070915397909284
2.5555008712064446
2.6160691061158707
2.6816981607623585
2.7603630508329506
2.8443671470954217
2.9345296271891854
3.0347171787670502
3.1364158329264926
3.2426724828160207
3.3568269454053161
3.474792349442922
3.5968353058798082
3.721495772666902
3.8488728158491723
3.9764674665797668
4.1093844031398632
3.9764674665902833
3.8488728158568724
3.7214957726749471
3.5968353058845803
3.4747923494442827
3.3568269454103241
3.2426724828200486
3.1364158329318346
3.0347171787724134
2.9345296271952428
2.844367147100991
2.7603630508379648
2.6816981607659716
2.6160691061197197
2.5555008712091642
2.5070915397920972
2.4681975130550224
2.4393366361053892
2.4224535476463265
2.890158386111219
2.8939564110108944
2.907880606254257
2.930801072944822
2.9628414887519066
3.0024629726601315
3.0513103263937995
2.9641778789833069
2.8415586915961182
2.8881144658885902
2.9749329437838203
3.070784041040632
3.1868564316064503
3.3260457281173679
3.4738857644946464
3.6221491022150074
3.7705238311699549
3.9189437707866368
4.0673869178328097
4.2126472586362027
4.3447708823952489
4.2126493861271728
4.0673506489975138
3.9189055780237703
3.7704862169421851
3.6221124670920894
3.4738510442216439
3.3260164043694518
3.186858513338616
3.0707843355549129
2.9749328947380285
2.8881124362224879
2.841503889154029
2.9644520378194437
3.0513103263963028
3.002462972661144
2.962841488752793
2.9308010729453842
2.9078806062544094
2.8939564110109952
2.4339954759630946
2.4387365950491469
2.4555077248379011
2.4842258435566005
2.5226085236878504
2.5707440737635872
2.6311240456750773
2.6964660477979363
2.7742158192144242
2.8462064473242141
2.9363346130847701
3.0365221628174526
3.1482010446205257
3.254118118014202
3.3682726075712344
3.4862355892698678
3.6058674108584343
3.7298142761785709
3.8569408720545253
3.9845355369492648
4.1174524804384554
3.9845355369597106
3.8569408720621987
3.7298142761858655
3.6058674108624595
3.4862355892710672
3.3682726075762357
3.2541181180182308
3.148201044625818
3.0365221628228212
2.9363346130908168
2.8462064473297803
2.774215819218143
2.6964660478015725
2.6311240456788236
2.5707440737662486
2.5226085236890188
2.4842258435575033
2.4555077248383443
2.438736595049348
2.8738438564125102
2.8776629729903953
2.8916656180148812
2.9147930125699446
2.947141585266722
2.986763095743163
3.0360206360174131
2.9601975551592172
2.8259106807352632
2.8860601824651049
2.9730819735345531
3.0691606062231447
3.1770154126709995
3.3247606804727616
3.4732215824103316
3.6217015001041077
3.7701863272413121
3.9186729035210983
4.0671606240897127
4.2156486666373123
4.3526057286746447
4.21563931274701
4.0671506036683507
3.9186622697077347
3.7701743460350303
3.6216865367047903
3.4732006347158397
3.3247224875333496
3.177017540161605
3.0691609043851469
2.9730819283814438
2.8860581572145465
2.8258482259730906
2.9604566850727521
3.0360206360199533
2.9867630957441706
2.9471415852676079
2.9147930125704717
2.8916656180150291
2.8776629729904952
3.270719142058546
3.3848736683487095
3.4997578978090824
3.6188282794841715
3.7424021126717082
3.8695181907996545
3.9971128818616606
4.1300298149713495
3.9971128818721029
3.8695181908073262
3.7424021126788878
3.6188282794874853
3.4997578978138661
3.3848736683536882
3.2708921333336729
3.324873219853663
3.4733284979716119
3.6217949052780978
3.7702677311692043
3.9187444094063677
4.0672240951345993
4.2157058485812904
4.3416920654666162
4.2157221571816921
4.0672423400528617
3.9187650562184659
3.7702914362902651
3.621822636769251
3.4733617698292942
3.3249145973852814
3.1801135244573819
3.1956838809168255
3.1956857884419314
3.1801135244520897
2.4569834462495073
2.4616802916234271
2.4782961539701072
2.5068185389851427
2.5445440871369742
2.5922495995684485
2.6523619005808192
2.7173787391524851
2.7173787391561488
2.6523619005844243
2.59224959957103
2.5445440871381777
2.5068185389860353
2.4782961539705468
2.4616802916236278
2.8508566986305883
2.8547057720411946
2.8688204602591538
2.8922433153590124
2.9246792153623242
2.9647048944826153
3.0144993528464292
2.9581676269778918
2.9581549741485844
3.0144993528490227
2.9647048944836154
2.9246792153632599
2.8922433153594902
2.868820460259295
2.8547057720412941
2.7840296920196139
2.828895962080535
2.8288813875154286
2.7843396521973118
3.2879803753554611
3.40044943283569
3.5146037856475703
3.6336181760986141
3.7567152368410017
3.883818315751367
4.0114130609587582
4.1436944435867771
4.0114130609692236
3.8838183157592248
3.7567152368480938
3.6336181761016073
3.5146037856523638
3.4004494328399817
3.2881325121475795
3.3271191390117165
3.474460742970634
3.6225988770011899
3.7709174760619684
3.9193026447238242
4.0677012432989583
4.204676612853512
4.3282463345202817
4.2046766128562982
4.0677267279481786
3.9193050945867616
3.770916521179815
3.622596969476084
3.4744588354455281
3.3271172314866106
3.211735313316296
3.2015572900964222
3.2015479475219148
3.2117047099472962
2.4807124161557321
2.4853644188915847
2.5018229801465619
2.5301497090365914
2.567272484668472
2.6144813677791165
2.6743146981815347
2.7391691508996145
2.7391691509032983
2.6743146981849963
2.6144813677816163
2.5672724846697101
2.5301497090374729
2.5018229801469971
2.4853644188917849
2.8271289027675448
2.8310090881489836
2.8452413203670148
2.8689740434397049
2.9014588233890177
2.9420222940318381
2.9923120420208789
2.9601199259928528
2.960109524611592
2.992312042023527
2.9420222940328293
2.901458823389949
2.8689740434401307
2.8452413203671503
2.8310090881490817
2.8043147258346703
2.8385457167881203
2.8386625024344361
2.804604939720321
3.3034241784737586
3.4143192023536253
3.5284735828534251
3.6471911645281208
3.7698888524407064
3.8969918396224648
4.0245848689185735
4.1536619618759101
4.024584868929038
3.8969918396304832
3.7698888524477683
3.6471911645301898
3.5284735828582727
3.4143192023578508
3.3037450758832607
3.3324991426219968
3.4770372474971145
3.6242857807695157
3.7721714852843857
3.9203040989090936
4.068558271591117
4.1920172492610304
4.3155868456253668
4.1920172492637375
4.0685563640660121
3.9203021913839873
3.7721695777592794
3.6242838732444094
3.4770353399720086
3.3327578246473299
3.2235633315761669
3.2350725170538848
3.2351614670023663
3.2236071591390694
2.5017743899225522
2.5063873006970523
2.5227087020686838
2.5508669778090689
2.5875093422255202
2.6342416798176234
2.6938415985564035
2.7586809841304176
2.7586809841341169
2.6938415985597857
2.6342416798200525
2.5875093422267663
2.5508669778099415
2.522708702069115
2.5063873006972512
2.8060684490545658
2.809976229027296
2.8243144399412032
2.8483264554900427
2.8808758823480236
2.9219726139822191
2.9726426312014547
2.9653430817456425
2.9650720878044563
2.972642631204153
2.9219726139832018
2.8808758823489509
2.8483264554904215
2.8243144399413329
2.8099762290273937
2.8579419343356975
2.8350893541630984
2.8347931236956772
2.857763844788439
3.3210410734173621
3.4298976511483552
3.5440520614976121
3.6623870979075157
3.7849391381137942
3.9104180925500169
4.037551126374276
4.1651459627665659
4.0375511263819499
3.9104180925573919
3.7849391381208228
3.6623870979092326
3.5440520615025175
3.4298976511525092
3.321350216280992
3.3418541623479947
3.4816679532572925
3.6273397105869818
3.7744455950490678
3.9221146224954015
4.059517996032076
4.1793113424242421
4.3028807726816254
4.1793113424273711
4.059517996035213
3.9221127149702957
3.774443687523962
3.6273378030618759
3.4817612705760896
3.3421268194244691
3.2467350004970772
3.2576182834560132
3.2576501183074607
3.2467535148714171
2.5250523614384193
2.5296228238669953
2.5457952562716115
2.5737407931754768
2.6099022091493
2.65610997432568
2.7155671041171638
2.7804064596802807
2.7804064596839964
2.7155671041205101
2.6561099743280319
2.6099022091505049
2.5737407931765688
2.5457952562720396
2.5296228238671943
2.7827931423407701
2.7867309480030862
2.8011881321322196
2.8255135859304317
2.8581604226861987
2.8999175657173653
2.9509308822371589
2.9742530833410594
2.9739674458461716
2.9509308822399136
2.8999175657183383
2.8581604226871216
2.8255135859307576
2.8011881321323431
2.7867309480031821
2.8809299135221353
2.8544677854696303
2.8542361510564334
2.8807860516801091
3.0044352597661175
3.0054552511789425
3.0081848621512801
3.006099835970975
3.2812938162934016
3.2704183293283422
3.2706767420618346
3.2830063802496769
3.1442551063621269
3.1384080339250193
3.1388772042612842
3.1454642738365219
3.1427524990305717
3.1372803852365094
3.1377747439098793
3.1438317246924337
3.2945661283330914
3.2857928198901929
3.2860165802658754
3.2961730747190856
2.9905332781734182
2.9901970103111268
2.9929108844994241
2.9921698219628787
3.3613740157969065
3.4660805953902765
3.5802350702349739
3.6969752715091122
3.8160456522795205
3.9396154806485799
4.0667200988696015
4.1943149610731147
4.0667200988773109
3.9396154806557249
3.8160456522828343
3.6969752715138959
3.5802350702399854
3.4660805953942977
3.3616953622278296
3.3714961583371164
3.4986727501418162
3.6387142461127735
3.7829778959548199
3.9119698782564454
4.0307867661367105
4.1534490434990188
4.277751646001021
4.1534490435063249
4.0307867661400767
3.911969878261778
3.7830112857309692
3.6388672004513833
3.4989393112062954
3.3717778838228085
3.2993056022432636
3.3098597344632354
3.309861876254578
3.2992991995666627
2.5777412988655444
2.5822185048713671
2.598063543376337
2.6255001345159164
2.660643855394774
2.7058254599113907
2.765253351159068
2.8282769664945913
2.8282769664995078
2.7652533511623432
2.7058254599136391
2.6606438553958895
2.6255001345169688
2.5980635433767567
2.5822185048715647
2.7301292888626976
2.7341180690817852
2.7488519403955505
2.7739059382240501
2.806891654665491
2.8502820739768051
2.9018962980425966
2.9631192454162623
2.9631192454209598
2.901896298045481
2.8502820739777879
2.8068916546664018
2.773905938224253
2.7488519403956593
2.7341180690818798
2.9333317307549582
2.8985571689550085
2.8982713902682291
2.9332178147614298
3.0311275928626755
3.021640698607198
3.2772467218148531
3.2931669388040921
3.151272613169132
3.1566353314193236
3.1494091819787928
3.1547619098981241
3.2925348085897008
3.3070620273374489
3.0176525354173944
3.0086955181427371
3.3980431772625024
3.5008828701679375
3.613635534238008
3.7277896762451013
3.8466584360313432
3.9694200277565037
4.0962171814187398
4.2233329705166982
4.096217181425887
3.9694200277635052
3.8466584360347174
3.7277896762499187
3.6136355342422704
3.5010507000556701
3.3983520541186101
3.4094834201682769
3.5227781636775508
3.6453356461017123
3.7594907957809935
3.8776477575084485
3.9979568985436833
4.1215306434654702
4.2486465429483991
4.121530643472318
3.9979568985468168
3.8776477575112915
3.7594907957859269
3.6453356461058322
3.5230562204983977
3.4097575486615375
3.3477468346293513
3.3620366093976681
3.3620290791322631
3.3477291483711689
2.6262371303732541
2.6306321768332768
2.6461869883197302
2.6731968840025897
2.7074125303909335
2.7520504445420455
2.8092359131439872
2.8707491609578608
2.8707491609627391
2.8092359131471039
2.7520504445443015
2.7074125303921486
2.6731968840029054
2.6461869883201614
2.6306321768334957
2.6777695113910305
2.6818728386914401
2.6968937271121267
2.7226972579187918
2.7562174257425771
2.8005785009199813
2.8537129672307646
2.9151518199525035
2.9151518199572588
2.8537129672340309
2.8005785009217563
2.7562174257435381
2.7226972579191764
2.696893727112613
2.681872838691655
2.9834169030418325
2.9398307489881885
2.9395628123704327
2.9831568308419305
3.063011680009613
3.0460480212983998
3.2915890437084068
3.3049166252847466
3.172636892695091
3.1714373475279767
3.1708744201457688
3.169573323739705
3.3069349548111107
3.3183165282608704
3.0514293071706051
3.0346619008924831
3.0498832441618196
3.031356776053951
3.3158940507240913
3.2974555425681333
3.1779695894723328
3.1572889180139638
3.1800737579706291
3.1591683566826489
3.3019669707063883
3.2823241427862939
3.0613390878836593
3.0438083406025549
2.9613058982603646
2.9175004368485085
2.9615657318173079
2.9574564113248081
2.6562504256865278
2.671535277657612
2.6979098019578709
2.7318019209707294
2.7762481876805647
2.8312587584529578
2.9402907432777834
2.8926977488868824
2.8312587584499096
2.7762481876783527
2.7318019209697084
2.6979098019575503
2.6715352776571892
2.656250425686316
2.6520026461305117
2.6044644597988844
2.6202465398896893
2.6475538082032783
2.6823538549443633
2.727286320083004
2.7866287593182069
2.8926977488916954
2.8483751806016433
2.7866287593153376
2.727286320080895
2.6823538549435675
2.6475538082022849
2.6202465398892851
2.604464459798689
2.5999881077378295
3.3734025907712777
3.3339606874171306
3.373434550465062
3.3215516103896734
3.4180341471498501
3.5185294488461007
3.6293342484219053
3.7434889788719148
3.894895739061552
4.0139664734517355
4.137536564010075
4.2646408838437049
4.137536564000639
4.0139664734468212
3.8948957390552121
3.77774413871047
3.644674252079712
3.5079172675871781
3.387409091924737
3.3790686647158914
3.4826132065362891
3.596738381753505
3.711557205433937
3.8619662244214235
3.9845432215255205
4.1084203618104276
4.2355361959397086
4.1084203618032706
3.9845432215185208
3.8619662244183233
3.7434889788670391
3.6293342484177153
3.5183377652068826
3.4177278970554714
3.020291528782336
3.3126585261890602
3.1618824711445899
3.1636068815364307
3.2989170374809165
3.032717659592417
2.9573537903730531
2.9177790002826614
2.709799764515155
2.7245815365013968
2.7498627960053721
2.7830134936025464
2.8267850553072318
2.878891038829904
2.9402907432731222
2.878891038827617
2.8267850553065497
2.7830134936016835
2.7498627960054822
2.7245815365014558
2.70979976451506
2.705811521181432
2.8483751806061881
3.321544059046118
3.3339662457485448
3.3876891034081442
3.5081903465834481
3.6449177022030224
3.7777441387154633
3.8306284241379931
3.9539108023958942
4.0810134252884014
4.2086081935368629
4.0810134252804264
3.9539108023885214
3.8306284241336934
3.7115572054291532
3.5967383817485086
3.482583498725226
3.3787352346505948
2.9927316425618926
2.9918739506849397
3.2884194889832155
3.2838144684765891
3.1375342913292967
3.1411074476168079
3.1387011208749387
3.1425493798008044
3.268926946085732
3.2748419721035811
3.0067678639735966
3.0067297163427456
2.8550665717818093
2.8431814833990661
2.8434286415438286
2.8553095414714433
3.2270666373879622
3.2346734478314074
3.2346070571711638
3.2270386449540105
2.8144646310513206
2.8301675080779582
2.830004517939293
2.81423050803261
3.2066063342095013
3.1981602413537344
3.1981856608530235
3.2066654927987379
2.7962957012469078
2.8183566714928951
2.8183048038185641
2.7961874224948966
3.1752565200848735
3.1862814686912158
3.1862166468568747
3.1752337012885938
2.7917814538134906
2.8167254001208599
2.8577862512911136
2.8819536505808694
2.9437973250043301
2.9683186060290914
3.0418577991539717
3.062580430361407
3.1668515218989675
3.1498102613709569
3.1498457997526605
3.1669165790244889
3.0418818619916208
3.062628456494553
2.9438322940388
2.9683425787504034
2.8578633556555944
2.8819711797965146
2.8167508371958161
2.7918811927047287
2.9473436153619503
2.9509984821066984
2.9645681176230929
2.9867183836850204
3.0177635324741239
3.0573852213447763
3.1044995037944094
2.9870179821175165
2.8979390263988791
2.9401304958383387
3.0201325365648755
3.1125188820839815
3.2231063030721088
3.341373059903689
3.4814866612174753
3.6257450159973765
3.7712465684791905
3.9159756501746656
4.0550501898762752
4.1884179394197236
4.3156001907134938
4.1884200669101741
4.0550523173653836
3.9159540637251524
3.7712226722233844
3.6257214828258646
3.4814672056369385
3.3413751873936759
3.2231083533809688
3.112519085645916
3.0201323662471302
2.9401283416365995
2.8978982192652367
2.9871098367397733
3.10449950379585
3.0573852213451111
3.0177635324749419
2.9867183836854445
2.9645681176230068
2.9509984821068018
2.9715497802224298
2.9751064834054843
2.9884877080247287
3.0103056088945239
3.040955002097963
3.0803232514446952
3.126818201810873
2.9997135999833122
2.9220362302113987
2.9619976076244616
3.0385020490153569
3.1308822730336821
3.2369578773287357
3.3523846724041655
3.4858835749597228
3.6273669549889838
3.77001406202635
3.9105260043271342
4.0468052176619747
4.1779837347666584
4.3031474045283575
4.1779858622561381
4.0468073451510467
3.9105281318162817
3.7700161895157684
3.6273690824784688
3.4858857024489027
3.3523867998942012
3.2369583417038088
3.1308824600304535
3.0385018422967685
2.9619954406140483
2.9219976068834694
2.9997583716771228
3.1268182018120472
3.0803232514449248
3.0409550020984923
3.0103056088949587
2.9884877080244543
2.975106483405578
3.0296086145831622
3.0328739596215444
3.0457430621429684
3.0668087555752357
3.0966031452294742
3.1348170519556433
3.1486855471292121
3.0360230711723286
2.980002992112833
3.0132541584996302
3.0844065147550639
3.1729502690799967
3.2690927459184591
3.384013879327922
3.5020217414777943
3.6318523574757187
3.7653399593505217
3.8981901474325764
4.0281288081612789
4.1537780515391027
4.2699897375627618
4.1537801790291491
4.0281309356507871
3.8981922749217719
3.7653420868395893
3.6318544849648169
3.5020238689675391
3.3840160522126843
3.2690930440784087
3.1729502821112767
3.0844061925406514
3.0132518466298173
2.97996757749232
3.0359733908428419
3.1487586497753921
3.1348170519559764
3.0966031452300498
3.0668087555756958
3.045743062142749
3.0328739596216443
3.2135803727893197
3.2159947662432518
3.227264812187117
3.2455587546730591
3.2727905299850639
3.3059412301646542
3.249812351509112
3.188414300463513
3.1642209445251352
3.1820603870188022
3.2323874268805195
3.2982130140099422
3.3822832711365836
3.4718699252775589
3.5672795130658814
3.6665500034419338
3.7702162315486216
3.8749549502874601
3.9782708105780547
4.0781352873431143
4.1655075810271436
4.0781352421899175
3.9782711087379941
3.8749552484473542
3.7702165297085095
3.6665503016018732
3.56727972128862
3.4718698801243617
3.3822830461805324
3.2982109887593127
3.2323851307191198
3.1820516399232717
3.1641882602598956
3.1883518457015594
3.2497498967472982
3.305941230165323
3.2727905299847251
3.2455587546734255
3.2272648121869323
3.2159947662433703
3.4258381238193727
3.4273829320293352
3.4365088988601
3.4525440710512383
3.4745352247927936
3.4614764676197218
3.417083092623157
3.3881442673447251
3.3768951721565577
3.3848135507536199
3.4114235765224361
3.4531789109756765
3.5053428946943357
3.5653217947608549
3.629835308050783
3.6989805023286215
3.7701825272542426
3.841435614444511
3.9111695911175586
3.9781324830377081
4.040776763981536
3.978130457787084
3.9111675658669331
3.8414335891938856
3.7701805020036177
3.6989784770779974
3.6298332828001625
3.5653197695102397
3.5053405282057812
3.453176390192521
3.4114130121504687
3.3847943275201291
3.3768632036229183
3.388093241937451
3.4170221741413536
3.4614140128578001
3.4745352247931232
3.4525440710514577
3.4365088988601373
3.4273829320294742
3.6822751575864845
3.6829045497734074
3.6886590555778258
3.6973721806481992
3.6810113938575899
3.6615469008472559
3.6467758483630655
3.63735065467589
3.6338186090545559
3.6362931375924079
3.6446091147727691
3.6584860670131918
3.6773358966529628
3.7004018023342744
3.7268324950983054
3.7557318169188383
3.7862116317866832
3.8174198769414218
3.8486621554468257
3.8796613329189698
3.9102647552910015
3.8796487873326773
3.8486496609094289
3.8174074848052033
3.7861990862002743
3.7557187207150395
3.7268184186297297
3.7003862898035118
3.6773184786928486
3.6584662892111659
3.6445865495035696
3.6362674413593057
3.6337870330745883
3.6373169892570836
3.6467394470255958
3.6615009457401317
3.6809596470232009
3.6973721806482898
3.6886590555779537
3.6829045497735673
3.6897401051820453
3.6903517714442771
3.6959086749214389
3.70450322707054
3.6865397979662964
3.6678840175741243
3.6537214290483822
3.6446933509022816
3.6412887861608905
3.6436812094354663
3.6516522773482349
3.6649379191002747
3.682987322540431
3.7050899108286899
3.7304406247471729
3.7581886005702407
3.7874868064658629
3.8177315011185171
3.848190869060768
3.878603165570647
3.9088244420937897
3.8785903119366303
3.8481780479462318
3.8177186617529184
3.7874737102599916
3.7581749368449264
3.7304259987406629
3.7050738861146897
3.6829694528699592
3.6649177759549394
3.6516294593394893
3.643655386373823
3.6412572101809229
3.6446598132332233
3.6536852793987062
3.6678410349583732
3.6864884713210126
3.7045032270706351
3.6959086749213608
3.6903517714444187
3.6965692845505718
3.6971688331197763
3.702561909522486
3.7110560425258772
3.6916859475446957
3.6737457980473929
3.6601158167724965
3.6514273372662442
3.6481200107216845
3.6504518005481579
3.6581305155215667
3.6709003990035916
3.6882411852641193
3.7094847092978207
3.733864336755583
3.7605959390409773
3.7890790739444959
3.8184013367524914
3.8481944411102087
3.8781059692222928
3.9080050914048505
3.8780928730150355
3.8481813449029514
3.8183882405463065
3.7890655596698704
3.76058186257035
3.7338492123845661
3.7094682233730638
3.6882229122681296
3.6708799334891005
3.6581074787581307
3.6504254413856736
3.6480884347417168
3.6513939056195568
3.6600798855473413
3.6737031238562912
3.6916349890892093
3.7110560425249872
3.7025619095223039
3.6971688331199166
3.8643102845505717
3.8648632766892752
3.863978904561729
3.850020674254826
3.8382052917141674
3.8290849410143228
3.8218144340136213
3.8180098668506384
3.8158610107216844
3.817559380213277
3.8208379827979693
3.827733423428084
3.8362201663340816
3.8478292509987395
3.861136167212083
3.8766888698785946
3.8942003253383479
3.9129747968583071
3.9334386383517148
3.9551315446473674
3.9777563887457972
3.9551148886990317
3.9334212203891199
3.9129565238623174
3.8941815682399206
3.8766690779530237
3.8611157016975919
3.847806979067367
3.8361971295706456
3.8277088716214651
3.8208119903404461
3.817528831512746
3.8158294347417168
3.8179776023958212
3.8217810023669339
3.829050796954327
3.8381693604890121
3.8499842729182783
3.8639363101702267
3.8648632766894218
3.9011281571411369
3.9016715197218534
3.896472476863245
3.8834714846215213
3.873147079143636
3.8644044336362073
3.8581614210629529
3.8546212241445295
3.8526792157010412
3.854263507187158
3.8571861111125187
3.8633168040474044
3.8712580220391146
3.8813944069488766
3.8940124456538561
3.9078810725091406
3.9239379663523737
3.9416055400626506
3.960412589715069
3.9808333521449013
4.0023561809717236
3.9808159341768956
3.9603943167080722
3.9415869109507167
3.9239181885491137
3.9078606069941983
3.8939910384512357
3.8813717655775353
3.8712349852735817
3.8632914548902786
3.8571597519500047
3.8542328068429335
3.8526476397210736
3.8545891603804767
3.858127989416273
3.8643707682178592
3.8731116603679783
3.8834353349719222
3.896435685961678
3.9016715197219978
3.9447904935403315
3.9452374686486174
3.9345458762704184
3.9230490897604491
3.9138970789700136
3.9060358432955495
3.9010452628944945
3.8977430430642137
3.8963413216774625
3.8975635210345061
3.9001099117423168
3.9050063881247956
3.9124432144509758
3.921064142977877
3.9324220948043105
3.9452405437075502
3.9588841866614661
3.9745253786819483
3.9919279655990341
4.0101191149976394
4.0292877819179038
4.0101008419951887
3.991908873130396
3.9745055867552326
3.9588637211453519
3.9452193030328733
3.9323995295298042
3.9210411062081403
3.9124190539080272
3.9049806918906493
3.9000835525792086
3.8975325064371207
3.8963097456975926
3.8977113406694626
3.9010121196672323
3.9060023056272706
3.9138627654727909
3.9230131585356189
3.9345097266237947
3.9452374686484597
3.9757402953190359
3.9734284285085395
3.9615682348450902
3.9520594981911268
3.9435926603179055
3.936300133097776
3.9317592470893752
3.9285455357226038
3.9272906334331341
3.9284311077022211
3.9491577720872062
3.9355567068405284
3.9423448361185347
3.950356786760687
3.9595836342142192
3.9712536337925917
3.9843486364510059
3.9979830284937279
4.0135824647729441
4.0305356013349511
4.0480704090293376
4.0305158235032073
4.017896510022454
4.0078563106427403
3.9843274238794804
3.971231274417339
3.9595605974426276
3.9503333660915625
3.9423202842998819
3.9352734725706635
3.9308677799819605
3.9283999868046138
3.9272590574531803
3.9285139597475909
3.9317262828875457
3.9362667014584636
3.9578584879678598
3.9531928053489334
3.9615323036351104
3.9733920271995538
3.980924341325776
3.9780381780392413
3.9662726908491868
3.9568730219565076
3.9484994781405858
3.9414335279859212
3.9369340666179662
3.9337265821929908
3.9324745027409
3.9336147600199287
3.9518581435764975
3.940740601129574
3.947441486960892
3.9552202817867523
3.9642883814618335
3.975875569022715
3.9887070416055979
4.002215207894861
4.0177252546892053
4.0340560211836136
4.0515426777465553
4.0340362292297574
4.0230803793302199
4.0091017129106508
3.9886853564538005
3.9758530374908205
3.9642653446898581
3.9551967257280656
3.9474157907114842
3.9404096280651322
3.9360485028928824
3.9335836367193422
3.9324429267609462
3.9336950062179512
3.936901117026061
3.941400096347067
3.9599425944818396
3.958376754229854
3.9662367596389738
3.9780020284147297
4.1209022705941347
4.1117864112195299
4.1038268048463449
4.0962064328613854
4.0910744710404749
4.0863988545029031
4.0831434226905561
4.080989049477056
4.0801555447178686
4.0809890000191116
4.0832056499094973
4.0884216620539942
4.0901143546496597
4.0951765500895005
4.1024730418623125
4.1103321406491853
4.1189533908185645
4.1291180475539351
4.1404608315714935
4.1524965210412779
4.1658026948009663
4.1524742490886624
4.140438013544304
4.1290950107804383
4.1189303540473112
4.1103079800949551
4.10244854029912
4.0951508538451753
4.0900479623188017
4.0854743345637212
4.0829336819410065
4.0809574420220773
4.0801239687381514
4.0809574735002894
4.0831117459974759
4.0863658154823561
4.0910410394020085
4.0967232401832847
4.1058006795717832
4.1128981738590786
4.1464658720475445
4.1374882162974913
4.1296367086740036
4.1229948015455857
4.1180962539507258
4.1140903954457286
4.1108411099528741
4.1090018521392571
4.1083496871664487
4.1090011303002631
4.1108193642242128
4.1153743347579193
4.1178061583722378
4.121981224295034
4.1286077889743567
4.1360432937706531
4.1446251113936849
4.1536332703204542
4.1642879020214725
4.1760092260179755
4.1881388561838024
4.1759868666406863
4.1642650839986493
4.1536102335490419
4.1446020746211341
4.1360191332180198
4.1285820927275898
4.1219555105506469
4.1171338821727064
4.1131668512614565
4.1106696220560242
4.1089695543175706
4.1083181111869118
4.1089702761620206
4.1108094940148296
4.1140573564245466
4.1180631107316916
4.1232102467069378
4.1307768220346253
4.139616378174436
4.156867020496696
4.1482453647953648
4.1404362904299976
4.1340694640525513
4.1292058297754783
4.1253864104573985
4.1221370683917256
4.1203466056592637
4.1197106871664486
4.1203459140258341
4.1221021967185951
4.1263977265464078
4.1291021216463104
4.1330557698527626
4.1394072151465622
4.1468428600447078
4.1553796080263146
4.1640344023102411
4.1743804838951126
4.1853513978315853
4.1972584706967897
4.1853285798049598
4.1743574471234997
4.1640113655388982
4.1553565712528675
4.1468186994925205
4.1393815189003771
4.1330300561086109
4.128243571003499
4.1244628063248845
4.1219661261691014
4.1203143380432135
4.1196791111869118
4.1203150296819553
4.1221054524536669
4.1253533714360939
4.1291726865560543
4.1342336460864724
4.1413941645852788
4.1506910451190056
4.0433063365482615
4.035196287794669
4.0291234959821534
4.0189176491573697
4.0136148889807917
4.0102457809049668
4.007283841436772
4.0062787995351519
4.0072610214702244
4.0095810809169201
4.0126863274774669
4.0175320588502963
4.0247463385702638
4.0327051122482303
4.0413346760632702
4.0520763971572542
4.0639718288771061
4.0771846597712136
4.0921136266590326
4.1055486828305918
4.0906573437478668
4.0772058723433435
4.0639941008290199
4.0520992151833282
4.0413577128346594
4.0327291740076774
4.0247708401329829
4.0175577550902135
4.0145764929124379
4.0110823237171447
4.0072923753493876
4.0063103755149108
4.0073154174128449
4.0102783363350119
4.0136480321998
4.0185735301422305
4.0261247658182855
4.0341906726320413
4.0433422677607451
4.0540835676791334
3.9601153501630701
3.9478851170225919
3.9377182682637732
3.9286123129811847
3.9210621796080893
3.916333201453801
3.9130846151070831
3.9117847342046503
3.9129459582278607
3.9154424872207154
3.9200564252880201
3.9272685792744042
3.935745984972673
3.9458738246330576
3.9579358429169864
3.9712466887368496
3.9863766278868162
4.0024221867739245
4.0199287478781045
4.0383456018331279
4.0199475957840365
4.0024419787125085
3.9863970816717549
3.9712671542624682
3.9579580638790799
3.9458966426494442
3.9357690217457884
3.9272930808330813
3.9200821390275005
3.915468846383761
3.912977040646223
3.9118163101846042
3.9131162310454899
3.9163662404777879
3.9210956594286697
3.9286464570355357
3.9377541994881735
3.9479210482389471
3.9601517514786173
3.9602657271505866
3.9234540148890571
3.915145217986725
3.9030487649722585
3.8934578083949285
3.8851105325456241
3.8795497942337378
3.8761439686652799
3.8744741965706946
3.8758783809418
3.8785821368116138
3.8840610372532778
3.8918014780473236
3.9010677583712079
3.9129671690873806
3.9262760692718128
3.9416255410383867
3.9586630617787204
3.9766047733669247
3.9958488986899718
4.0163478388158911
3.9958670498487487
3.9766230463667043
3.9586828389157742
3.9416456841848713
3.9262965347870882
3.9129894190256893
3.9010906067940558
3.8918250600806301
3.8840867334865594
3.8786084959741776
3.8759092415997705
3.8745057725505756
3.8761758512308657
3.8795831682478861
3.8851441979637844
3.8934926767806353
3.9030846961972436
3.9151816193154296
3.9234540148889341
3.9229548008054489
3.8832779818458993
3.8803872993664168
3.8668160950242498
3.8557511893210306
3.8468187936589118
3.8400076517642221
3.836331765311253
3.8342442943393351
3.8359171034282475
3.8390394021919199
3.8456120490771117
3.8537807770207886
3.8646683966533226
3.8777146896941175
3.8923727639892225
3.9092312033675607
3.9273111796245459
3.9470162048180244
3.9680117612067534
3.9899923409894349
3.9680291791720661
3.9470340744966301
3.9273294526205516
3.9092507505440244
3.8923929071350298
3.8777354242948436
3.864690961926009
3.8538038137852837
3.8456369665591121
3.8390657613544179
3.835947704269755
3.8342758703193027
3.8363639522640325
3.840041083410906
3.8468525748548332
3.8557870527259324
3.8668523798263332
3.8804293040555189
3.8832779818457523
3.8827249695872483
3.9375063734463622
3.9269191916591186
3.931523042425582
3.9255602174749953
3.930115613588395
3.9384201134788066
4.0026575774069588
3.9942502138057336
4.0130332454911111
4.0058254504549105
3.9848220916774624
3.9897920004085794
3.9494495701986061
3.9395422165769056
3.9453723745240179
3.9550664258736541
3.9396076390793446
3.9340426586087349
0.12854813896780062
0.19350293416026998
0.31557052587265011
0.45016710798491633
0.58797336256155586
0.72739251054476695
0.86690762766978002
1.0065284650658479
1.1461499204799801
1.2857705128389665
1.4253915184146022
1.5650123940193308
1.7046331648124746
1.8442546128210935
1.9838753970919056
2.0875827970261698
2.1561270924883456
2.2088435773043087
2.2480539162068229
2.2736343694306345
2.2847732629695701
2.273634369430257
2.2480539162063824
2.2088435773038286
2.1561270924881524
2.0875827970262093
1.9838753970917666
1.8442546128205259
1.7046331648102799
1.5650123940166529
1.4253915184120671
1.2857705128373522
1.146149920479848
1.0065284650653015
0.86690762766786122
0.72739251054311971
0.58797336256152277
0.45016710798613213
0.31557052587257034
0.19350293416033384
0.28338931253025068
0.31869920032438831
0.40364155231913484
0.51370584182152479
0.63879251729201703
0.76959223334392035
0.90369016416716041
1.0408651012234544
1.1785294838852181
1.3171866613013146
1.4565353469682052
1.5898516932621349
1.6995851649552227
1.796820281717614
1.8822060613478444
1.9566560230863925
2.0167305998080729
2.0641124592357896
2.0991329899124076
2.1216258056861759
2.1306060681291861
2.1216258056858197
2.0991329899119853
2.064112459235306
2.0167305998075542
1.9566560230859302
1.8822060613475022
1.7968202817173828
1.6995851649557914
1.589851693262631
1.456535346966779
1.3171866613005117
1.178529483884809
1.0408651012247494
0.90369016416837322
0.76959223334512328
0.63879251729193187
0.5137058418218784
0.40364155231910998
0.31869920032377647
0.55418126093285891
0.56759321352613323
0.61238509137384378
0.67806020711624559
0.75907588485402444
0.85168489355701349
0.95060128093214891
1.0511846371226914
1.1527250123886044
1.2518290757764512
1.3465985762009069
1.4361247070722907
1.5193717160089504
1.5954525359689118
1.6629751066735052
1.7199743438808481
1.7677402586769784
1.8058976272645
1.8341772333847419
1.8523596476408595
1.8593960955279754
1.8523596476405246
1.8341772333843331
1.8058976272640501
1.7677402586764872
1.7199743438803297
1.6629751066729561
1.5954525359684839
1.5193717160086009
1.4361247070720071
1.3465985762006851
1.2518290757762813
1.1527250123890531
1.0511846371231526
0.95060128093252316
0.85168489355683552
0.75907588485375144
0.67806020711581727
0.61238509137329988
0.5675932135257109
0.86674605437786534
0.8712650326618907
0.88693450518573314
0.91281981873681739
0.94750524465578168
0.98926492446029168
1.0363042224868289
1.086881144863671
1.1393919224896529
1.1923978567104234
1.2446345575807118
1.2950002483223866
1.3425469108343651
1.386469073149776
1.4260814486293207
1.4608097859245659
1.4901855394865782
1.5138278909415035
1.5314303771121849
1.5425736662147247
1.5467298295613854
1.5425736662144092
1.5314303771118334
1.5138278909411003
1.4901855394861605
1.4608097859241223
1.4260814486288471
1.3864690731492904
1.3425469108338581
1.2950002483218728
1.2446345575801894
1.1923978567098981
1.1393919224891271
1.0868811448631504
1.0363042224863188
0.98926492445979874
0.94750524465531261
0.91281981873638041
0.88693450518534012
0.87126503266155886
1.1330823624854744
1.133837785290545
1.136486400271991
1.1409516178823107
1.1471047945669188
1.1547710050982998
1.1637375135671515
1.1737590390549197
1.1845677451303653
1.1958881576619358
1.2074334253312533
1.2189195937930215
1.2300663550891613
1.2406055521983226
1.2502938617998491
1.2589116200711832
1.2662671519159261
1.2722012312179762
1.2765863672454356
1.2793281484881878
1.280370683563292
1.2793281484878936
1.276586367245133
1.2722012312176467
1.2662671519155864
1.2589116200708261
1.2502938617994765
1.2406055521979429
1.2300663550887707
1.218919593792626
1.2074334253308536
1.1958881576615392
1.1845677451299697
1.1737590390545376
1.1637375135667738
1.1547710050979378
1.1471047945665771
1.1409516178819774
1.1364864002716879
1.1338377852902521
0.03893173690279543
0.15316122880352323
0.29984482210447505
0.44748277799584008
0.59437697679018719
0.73755591957734457
0.87880289163846859
1.0190855151991718
1.1587116513743569
1.298332999156681
1.4379537773223685
1.5775746735633691
1.7171957274825937
1.8568167475282344
1.9964375384021282
2.1360588743222593
2.2393002189936988
2.2944526095131672
2.3355222798581274
2.3623820199805339
2.3742667213348976
2.3623820199802874
2.3355222798577051
2.2944526095126863
2.2393002189934665
2.1360588743218503
1.9964375384013198
1.8568167475261119
1.7171957274798972
1.5775746735609575
1.437953777321102
1.2983329991565464
1.1587116513736639
1.0190855151973648
0.87880289163785297
0.73755591957699007
0.59437697679004486
0.44748277799474051
0.29984482210379859
0.15316122880352007
0.08664208122479751
0.16864241633845475
0.30394042083169037
0.4450000882986001
0.58626490939230957
0.72696532281242265
0.86690762766978002
1.0065284650658479
1.1461499204799801
1.2857705128389665
1.4253915184146022
1.5650123940193308
1.7046331648124746
1.8442546128210935
1.9838753970919056
2.1234963676788974
2.194319591433131
2.2483228380269229
2.2885429431082263
2.3148620820953947
2.3265040445360361
2.3148620820951602
2.2885429431077817
2.2483228380264428
2.1943195914330418
2.123496367677383
1.9838753970917666
1.8442546128205259
1.7046331648102799
1.5650123940166529
1.4253915184120669
1.2857705128373522
1.146149920479848
1.0065284650653015
0.86690762766786134
0.72696532281131443
0.58626490939220854
0.44500008829851695
0.30394042083155814
0.16864241633842128
0.17960780797421563
0.30828806311600615
0.44595332001118421
0.58542427846188494
0.72504517065571095
0.86466606284953695
1.004286779149089
1.143907930161391
1.2835287058539788
1.4231500673893829
1.5627714289247869
1.7023922046173749
1.8420133556296767
1.9816340719292289
2.1051963121943253
2.1748589884787681
2.2282898794546862
2.2680759631914547
2.294097389543309
2.3055686589977564
2.2940973895432761
2.2680759631918943
2.2282898794551578
2.1748589884781642
2.1051963121933084
1.9816340719293455
1.8420133556297933
1.7023922046174915
1.5627714289249035
1.4231500673894995
1.2835287058540954
1.1439079301615074
1.0042867791492056
0.86466606284965342
0.72504517065582741
0.5854242784620014
0.44595332001119209
0.30828806311428547
0.17960780797213435
0.10759510458134502
0.15930809100487359
0.30143069461188587
0.44612745875664678
0.58970550454320092
0.73125554719341457
0.87195637583183883
1.0118534703523814
1.1514738986918696
1.2910947816115006
1.4307161365812158
1.5703375156506238
1.7099584650954744
1.8495790818608888
1.989199780430114
2.1288210996754722
2.2167938973775647
2.2713797261877779
2.3120286424696079
2.3386208209893722
2.3503853711662788
2.3386208209895902
2.3120286424700276
2.2713797261882545
2.2167938973776762
2.128821099675859
1.9891997804305319
1.8495790818626265
1.7099584650978412
1.5703375156531276
1.4307161365829772
1.2910947816116776
1.151473898692146
1.0118534703540349
0.87195637583294527
0.7312555471935136
0.5897055045431866
0.44612745875667359
0.30143069461170408
0.15930809100483628
0.062776520615722003
0.14999225882024711
0.29794392128774905
0.44617518331283568
0.59420487802770894
0.74233596663586165
0.88449872119831374
1.0251929194582181
1.1650150409960158
1.3046357591792865
1.4442571126031392
1.5838785605667089
1.723499295905371
1.8631204495962774
2.002740774591826
2.1423621590866655
2.2573960192443776
2.3130610902778241
2.354529071965469
2.3816640952644206
2.3937167762145606
2.3816640952645507
2.3545290719657923
2.3130610902783024
2.2573960192444917
2.1423621590868689
2.0027407745932626
1.8631204495981308
1.7234992959072568
1.5838785605687455
1.4442571126036694
1.3046357591787787
1.165015040996944
1.025192919459406
0.88449872119833595
0.74233596663613843
0.59420487802783983
0.44607488683305985
0.29794392128839692
0.14999225882024872
0.019474883953441165

